6 0.37639405204460963 0.22676579925650558 0.13940520446096652 0.2118959107806691
6 0.46096654275092935 0.34014869888475835 0.1858736059479554 0.14126394052044605
0 0.377323420074349 0.8104089219330847 0.2713754646840146 0.1524163568773232
6 0.3652416356877323 0.5353159851301115 0.09107806691449813 0.17472118959107802
0 0.4423791821561338 0.44052044609665425 0.10037174721189589 0.12639405204460966
6 0.5362453531598513 0.4869888475836428 0.09107806691449806 0.141263940520446
6 0.6477695167286245 0.4182156133828997 0.1542750929368029 0.19330855018587365
3 0.5836431226765799 0.733271375464684 0.12639405204460963 0.39219330855018586
3 0.7769516728624535 0.5613382899628252 0.2379182156133828 0.2044609665427509
3 0.21840148698884754 0.6096654275092933 0.15055762081784377 0.3048327137546466
0 0.22676579925650542 0.4321561338289964 0.17100371747211893 0.12081784386617085
5 0.23977695167286245 0.3224907063197026 0.14498141263940517 0.12825278810408922
4 0.5827137546468402 0.2565055762081785 0.11710037174721194 0.11895910780669147
0 0.6189591078066915 0.13568773234200746 0.16728624535316 0.12639405204460968
