6 0.5680327868852459 0.6429723192690137 0.14262295081967225 0.16751769237660127
6 0.6549180327868853 0.17983516975723368 0.19180327868852465 0.11332079190181847
5 0.8434426229508195 0.11208904416375522 0.1918032786885247 0.1847621607094866
5 0.13360655737704918 0.6515945534354564 0.1557377049180328 0.24881304308877547
0 0.4065573770491803 0.8584385917764041 0.20655737704918034 0.2831228164471916
5 0.469672131147541 0.6171056167696856 0.0836065573770491 0.135492251186957
5 0.062295081967213124 0.10716205321150228 0.06885245901639345 0.13056526023470394
6 0.27950819672131144 0.043111170832213566 0.11639344262295083 0.08622234166442713
0 0.21147540983606558 0.11085729642569202 0.11803278688524593 0.10839380094956554
6 0.1762295081967213 0.043111170832213566 0.13606557377049178 0.08129535071217414
