6 0.569672131147541 0.17955203266678676 0.08360655737704917 0.14757701315078364
6 0.5377049180327864 0.5238983966852817 0.0918032786885247 0.14265777937909088
6 0.5885245901639335 0.4870041433975861 0.12459016393442618 0.14265777937909097
6 0.663934426229507 0.45010989010988994 0.08524590163934416 0.1377385456073982
3 0.7057377049180328 0.3935387017354231 0.08032786885245896 0.11314237674893414
3 0.7311475409836067 0.312371344502492 0.14426229508196728 0.11806161052062687
8 0.8508196721311474 0.32343962048880087 0.1311475409836066 0.10576352609139474
8 0.3475409836065574 0.255800156128025 0.13114754098360662 0.05411157148862067
8 0.28852459016393445 0.4833147180688164 0.13770491803278692 0.16479433135170843
5 0.16065573770491803 0.09592505854800937 0.08196721311475408 0.05903080526031346
5 0.42131147540983604 0.48085510118297004 0.13114754098360656 0.1008442923197022
6 0.056557377049180325 0.27547709121479613 0.08688524590163935 0.12298084429231974
8 0.7754098360655745 0.5189791629135891 0.09508196721311465 0.11314237674893417
8 0.7032786885245891 0.7046802377949922 0.183606557377049 0.22382513661202225
