0 0.23196721311475416 0.5024524302769777 0.4639344262295083 0.9950951394460448
6 0.2721311475409836 0.5996192027206648 0.3344262295081968 0.3065537846220168
2 0.05573770491803279 0.6437629477062358 0.10819672131147541 0.2526003185285418
2 0.3754098360655737 0.5113317127495239 0.11803278688524597 0.30655378462201677
6 0.342622950819672 0.954925816379073 0.15409836065573768 0.09014836724185388
0 0.6959016393442627 0.24524302769761294 0.46393442622950765 0.4904860553952259
6 0.7918032786885243 0.24279059742063733 0.2885245901639336 0.27467219102132706
2 0.6557377049180328 0.3531499598845633 0.21311475409836075 0.2501478882515656
2 0.7795081967213107 0.4132345016704786 0.07704918032786887 0.13488366523368736
6 0.9163934426229506 0.5039744219185952 0.16721311475409842 0.27712462129830384
0 0.7655737704918033 0.7464692428361013 0.4688524590163936 0.5070615143277971
8 0.7360655737704919 0.8019447005711957 0.16721311475409828 0.25014788825156564
