5 0.551639344262295 0.37377049180327865 0.11639344262295076 0.12240437158469945
5 0.6131147540983606 0.5551912568306011 0.10491803278688529 0.12677595628415303
3 0.7163934426229502 0.4174863387978142 0.08196721311475409 0.1311475409836067
3 0.6229508196721312 0.8273224043715847 0.05573770491803273 0.09398907103825138
3 0.3540983606557377 0.4469945355191257 0.04590163934426229 0.04153005464480877
3 0.5081967213114754 0.23060109289617486 0.05245901639344268 0.1726775956284153
3 0.24918032786885244 0.13989071038251347 0.04262295081967229 0.15300546448087404
7 0.28524590163934427 0.2633879781420765 0.22295081967213118 0.146448087431694
0 0.17131147540983607 0.10491803278688523 0.10655737704918035 0.18360655737704917
9 0.11803278688524589 0.4469945355191257 0.12459016393442622 0.10273224043715856
6 0.42786885245901646 0.3836065573770492 0.03934426229508198 0.03715846994535525
6 0.8090163934426231 0.5114754098360657 0.15573770491803288 0.10928961748633874
6 0.11311475409836066 0.9311475409836066 0.06229508196721314 0.08306010928961755
1 0.050819672131147554 0.8486338797814197 0.10163934426229511 0.2546448087431693
