3 0.29672131147540987 0.2931559616590523 0.3442622950819672 0.472991131416286
4 0.3737704918032787 0.583848427841978 0.1639344262295082 0.3498163576099615
3 0.34262295081967226 0.8474424437875124 0.18032786885245902 0.22171459285138348
6 0.47950819672131095 0.9188838125951801 0.07704918032786899 0.12810176475857749
6 0.5704918032786884 0.8806996327152199 0.07868852459016396 0.07636835975992114
6 0.7032786885245901 0.5924706620084207 0.20983606557377002 0.623264355460002
5 0.5327868852459018 0.5432007524858906 0.22295081967213112 0.5690674549852187
6 0.2081967213114754 0.634350085102571 0.12459016393442625 0.18968915166173958
6 0.5360655737704918 0.17490817880498075 0.059016393442622855 0.09853981904505957
6 0.6614754098360656 0.2389590611842695 0.13934426229508204 0.16751769237660136
