4 0.20631970260223048 0.9135687732342006 0.16356877323420072 0.14312267657992564
2 0.7509293680297398 0.5659851301115242 0.25278810408921926 0.18401486988847574
4 0.4563197026022305 0.4674721189591078 0.11710037174721194 0.12825278810408924
0 0.6319702602230483 0.14591078066914498 0.22676579925650564 0.25092936802973975
5 0.5789962825278812 0.7481412639405204 0.24721189591078072 0.21003717472118966
6 0.0929368029739777 0.6087360594795539 0.15985130111524165 0.14312267657992564
6 0.3410780669144981 0.658921933085502 0.2695167286245353 0.21003717472118957
6 0.850371747211896 0.4005576208178438 0.295539033457249 0.20260223048327128
8 0.3745353159851301 0.19981412639405202 0.15055762081784382 0.09479553903345726
6 0.9693308550185873 0.6775092936802973 0.06133828996282532 0.14312267657992556
