6 0.39948954114187424 0.40520446096654267 0.15979581645674962 0.18959107806691455
6 0.5380624757254618 0.607806691449814 0.1672862453531595 0.20817843866170999
6 0.8239471786051158 0.43680297397769513 0.23969372468512445 0.1784386617100371
6 0.33207568107418295 0.6403345724907062 0.32458525217777284 0.16914498141263942
5 0.6516673139876823 0.699814126394052 0.1897575320423904 0.12453531598513003
5 0.737807246296399 0.5994423791821561 0.18226710314598024 0.1356877323420074
5 0.5755146202075122 0.424721189591078 0.40697997003828434 0.2360594795539032
5 0.6142151695056317 0.27973977695167285 0.15979581645674962 0.13197026022304836
5 0.8276923930533207 0.24907063197026022 0.14231814903179285 0.0929368029739777
5 0.7702657715141763 0.2741635687732342 0.1772734838817067 0.0762081784386617
5 0.8039727015480218 0.35037174721189596 0.20973200909948403 0.06505576208178439
