6 0.09262295081967213 0.24297423887587827 0.13934426229508198 0.30444964871194385
6 0.26639344262295084 0.23126463700234193 0.08688524590163936 0.12295081967213115
0 0.47540983606557374 0.2605386416861827 0.17049180327868854 0.3161592505854801
4 0.6967213114754098 0.2546838407494145 0.1278688524590163 0.2810304449648713
8 0.8934426229508197 0.2854215456674474 0.20655737704918053 0.3015222482435598
3 0.10245901639344263 0.9118852459016396 0.18524590163934426 0.16686182669789232
6 0.2901639344262295 0.8600702576112412 0.1737704918032787 0.2798594847775175
5 0.4959016393442623 0.8410421545667447 0.17540983606557375 0.3179156908665105
5 0.7188524590163935 0.8454332552693201 0.25737704918032744 0.30913348946135794
6 0.9114754098360656 0.9098360655737706 0.09508196721311464 0.18032786885245883
