5 0.44526031269195326 0.800982800982801 0.14924010480651106 0.2948402948402948
5 0.21976015433046692 0.18673218673218675 0.13120009213759207 0.30466830466830463
5 0.050020035127457 0.06265356265356264 0.100040070254914 0.1253071253071253
5 0.7691605401566339 0.6388206388206388 0.32800023034398046 0.2899262899262899
6 0.46412032593673225 0.5196560196560196 0.19352013590294856 0.2678132678132684
4 0.2755201934889435 0.49631449631449626 0.17712012438574948 0.28009828009828036
3 0.10824007601351353 0.34275184275184273 0.19024013359950864 0.31203931203931207
0 0.24682017333384507 0.8292383292383282 0.17876012553746906 0.34152334152334113
0 0.07872005528255528 0.7567567567567568 0.15416010826167076 0.4864864864864865
3 0.584660410588145 0.7407862407862404 0.13612009559275204 0.39557739557739585
5 0.7257005096360565 0.8574938574938558 0.15908011171682948 0.285012285012285
5 0.8659206081081082 0.7297297297297297 0.11152007831695329 0.2457002457002457
6 0.6715804716292998 0.39312039312039315 0.3034002130681819 0.23095823095823095
6 0.8345602349508594 0.3098280060789216 0.33087953009827914 0.6196560121578432
6 0.5379203777641279 0.13636363636363627 0.2755201934889433 0.27272727272727254
4 0.3468602435887593 0.20638820638820618 0.17220012093058978 0.27518427518427524
