6 0.09182055956249503 0.3513513513513513 0.13773083934374256 0.3734643734643734
6 0.4394269636205117 0.20024570024570024 0.2951375128794484 0.3267813267813268
6 0.46976054133312206 0.32063882063882043 0.4345080050725212 0.25307125307125294
7 0.4910760283744155 0.4459459459459459 0.31645299992074166 0.22850122850122806
7 0.821466077514465 0.5208845208845204 0.2885789014821267 0.2162162162162162
5 0.42958904652453034 0.5835380835380835 0.17052389633034792 0.1547911547911548
5 0.2328307046048981 0.3968058968058966 0.19347903622097182 0.33660933660933634
5 0.29103838075612265 0.6683046683046682 0.21151521756360464 0.18673218673218664
5 0.13937049219307285 0.585995085995086 0.15740667353570584 0.1253071253071253
5 0.4197511294285489 0.7702702702702701 0.085261948165174 0.15479115479115482
8 0.5115716889910439 0.7862407862407853 0.2557858444955217 0.21621621621621612
6 0.7091498573353411 0.6437346437346436 0.41155286518189754 0.230958230958231
