6 0.3008196721311475 0.7813334460030421 0.41803278688524587 0.34142301842149736
4 0.7254098360655737 0.6018675004225112 0.21147540983606553 0.25387865472367754
4 0.4573770491803279 0.27138752746324146 0.0983606557377049 0.1444482001014027
7 0.269672131147541 0.14773111374007097 0.26393442622950825 0.2079178637823221
6 0.05081967213114754 0.3110013486969525 0.10163934426229508 0.1265016122224546
6 0.031147540983606562 0.19719367588978673 0.062295081967213124 0.10986816976165897
6 0.7270491803278688 0.2002577319587629 0.07704918032786892 0.1947862092276492
4 0.9065573770491804 0.38410089572418454 0.10163934426229503 0.1291279364542843
6 0.5926229508196721 0.19478620922764914 0.10327868852459005 0.07441270914314685
6 0.601639344262295 0.1116190637147203 0.16065573770491795 0.0612810545884739
8 0.7827868852459017 0.43225029575798546 0.11967213114754088 0.1335051546391753
