7 0.5893442622950821 0.17704918032786884 0.19180327868852465 0.17704918032786882
0 0.5573770491803279 0.26434426229508196 0.1704918032786886 0.1303278688524591
6 0.32459016393442625 0.5397540983606557 0.12459016393442625 0.18442622950819668
6 0.1959016393442623 0.4290983606557377 0.10327868852459016 0.16475409836065574
6 0.26557377049180325 0.3467213114754098 0.07868852459016391 0.1278688524590164
6 0.3450819672131148 0.42909836065573775 0.10000000000000005 0.13524590163934438
6 0.39262295081967175 0.3393442622950819 0.08360655737704922 0.13278688524590135
6 0.07622950819672132 0.3971311475409831 0.15245901639344264 0.14016393442622935
7 0.1098360655737705 0.3135245901639344 0.1672131147540984 0.12540983606557377
6 0.4729508196721312 0.5495901639344261 0.1360655737704919 0.17950819672131138
7 0.75 0.10942622950819672 0.19508196721311463 0.16475409836065574
6 0.9491803278688526 0.26065573770491796 0.10163934426229498 0.23114754098360643
