6 0.44346534146216515 0.23042505592841156 0.17869767918438434 0.2818791946308724
6 0.23771709616271328 0.5827740492170023 0.10492340796147345 0.3512304250559285
6 0.33362364875249767 0.5715883668903804 0.10984169270966758 0.2841163310961966
6 0.6123264511501615 0.7762863534675614 0.25083252215789736 0.34004474272930635
6 0.4246119165940878 0.7606263982102907 0.14426968594702605 0.26398210290827745
6 0.36887135611455507 0.4049217002237137 0.11803883395665764 0.3445190156599553
6 0.4942876171935039 0.5480984340044742 0.11639940570725962 0.22371364653243844
6 0.582816742660997 0.29977628635346754 0.27706337414826576 0.2997762863534676
6 0.7443004252267023 0.5469798657718121 0.144269685947026 0.36465324384787473
6 0.6319995901429376 0.5156599552572707 0.05737998872893073 0.10961968680089484
