10 0.33114754098360655 0.7525155455059356 0.4524590163934426 0.3571677711893965
2 0.542622950819672 0.9027723320063024 0.19016393442622942 0.1601096905331778
3 0.40901639344262264 0.2635651828776927 0.12950819672131145 0.41874842139446505
6 0.3057377049180328 0.4803290715995333 0.11311475409836064 0.2364696967874626
6 0.1040983606557377 0.44830713349289747 0.2081967213114754 0.3202193810663551
6 0.15983606557377056 0.16873098156188734 0.1983606557377051 0.21430066271363796
6 0.5778688524590164 0.1354774304511504 0.13606557377049178 0.21183743670543517
6 0.7696721311475409 0.2869658299556186 0.2049180327868855 0.19459485464801618
3 0.8934426229508197 0.5677735948907305 0.2065573770491802 0.3029767990089365
5 0.6811475409836057 0.6749239262475494 0.13934426229508168 0.30051357300073345
5 0.6418032786885246 0.4483071334928978 0.3065573770491803 0.23154324477105717
