5 0.11885245901639344 0.6010928961748634 0.18196721311475408 0.26775956284153
6 0.3909836065573771 0.6953551912568305 0.37540983606557377 0.5327868852459016
7 0.3819672131147543 0.18442622950819668 0.2065573770491807 0.2978142076502733
2 0.358196721311475 0.31420765027322406 0.09344262295081966 0.4808743169398911
6 0.5188524590163934 0.36612021857923494 0.1557377049180328 0.34426229508196726
0 0.7442622950819672 0.808743169398907 0.26557377049180325 0.31693989071038253
0 0.8598360655737705 0.9535519125683061 0.03770491803278688 0.032786885245901516
5 0.7999999999999997 0.5040983606557378 0.2032786885245907 0.17759562841530066
5 0.7327868852459019 0.12568306010928962 0.1836065573770491 0.18032786885245897
6 0.6967213114754099 0.3032786885245901 0.1442622950819671 0.19125683060109286
6 0.601639344262295 0.23907103825136622 0.13114754098360665 0.2540983606557378
5 0.6426229508196721 0.4685792349726776 0.08524590163934434 0.28688524590163944
9 0.9163934426229509 0.866120218579235 0.16721311475409834 0.26775956284152996
